2.4146
-5.7319
-0.3724
-6.1302
-10.907
-0.9994
-1.4941
-4.5523
-9.1947
-2.7887
-4.7123
-4.7775
0.2733
-7.0003
-0.2434
1.5795
-2.7501
-14.1395
-2.8231
0.9516
2.0636
-11.795
-5.9342
-4.2443
5.7398
-1.2248
-6.3098
-12.5986
-17.0605
-0.5464
-10.1676
-13.9203
-4.6608
5.9755
-7.6378
-2.668
-0.7222
-0.5755
-2.7128
-0.1381
-15.31
-4.1915
-6.5578
-8.4624
0.6301
-4.718
-11.4201
2.0507
1.8031
-16.4796
-11.655
4.9706
-6.036
-10.2156
-8.7994
0.4462
-19.5594
-0.8362
-13.0079
-2.6932
-2.9226
-2.9393
-8.897
-7.9387
3.496
-6.6811
-1.8268
-12.3949
5.1924
-5.4751
-3.0169
-9.5571
-8.0127
-1.571
-12.2933
-3.2755
-8.3146
-4.838
-9.9859
1.4217
-1.9497
-5.4448
-5.034
-2.3912
-2.5825
-2.2865
-0.6237
-7.4232
-5.9986
-10.3934
-0.839
3.1623
-7.5445
-1.6152
-1.3479
-7.5578
-7.5098
2.0273
-3.6169
-5.2471
-2.2686
-3.9081
-7.9198
-5.2787
-8.4352
-3.4627
-3.0292
-5.3604
-3.3675
-6.2819
-1.6949
1.3608
0.1037
-3.7642
-6.4471
7.9183
-15.1722
-19.4296
-4.5433
-1.5505
-6.4682
-5.3937
2.5839
-8.4717
-8.226
2.2201
-8.2066
-6.3373
3.3094
4.6262
-2.9156
-7.0528
-4.4789
-0.0398
-6.1547
-8.2399
-1.1507
-6.2317
-5.671
-4.0889
-1.3
-5.4475
-12.6793
9.8451
9.99999999993e-05
-0.0003
2.3754
0.1413
-5.8797
-7.1411
-2.2952
-9.7158
-4.9395
0.6537
-13.9983
1.1989
-3.2152
-0.8734
1.0772
-10.1929
-1.9496
-14.4192
-10.0958
-0.9479
-10.6979
-4.6407
-1.6822
-6.2614
2.0787
0.47
-6.8034
-8.4282
-9.8317
-15.3658
2.8921
-2.2685
-1.0466
-1.2645
-5.423
-18.8505
-5.8297
0.5227
-4.1194
-13.518
-1.8132
-5.4623
5.8949
-2.7689
0.1349
1.1725
5.7464
-8.0002
-5.4043
-13.8873
-1.6477
-1.8933
-13.3343
-1.8062
-11.0874
6.8058
-7.4908
-7.9674
-2.3704
1.533
-3.1711
-3.3331
3.3951
-9.1639
-8.4079
-1.5793
-3.5805
0.3021
-0.3003
-7.6251
-17.6499
-15.4242
-1.7187
9.2316
-3.78
-7.1336
-7.9253
2.6255
-5.8283
-0.5058
-6.687
-2.0435
-0.9125
-3.1565
-6.074
-5.9022
-4.7538
-5.9331
-9.9291
-0.9018
-8.3803
1.3402
-1.2693
-2.1457
-3.8686
-2.2024
-8.4351
-1.3277
-3.7244
-4.9799
-10.4556
-5.6711
-3.8303
-5.6998
-15.7114
0.1035
-11.3003
-3.4407
-9.4383
-15.9437
-6.5273
-1.5816
-0.6699
0.5349
0.1417
1.5987
-8.4141
-6.7502
-3.0849
-2.4313
3.2679
0.9646
-1.362
-7.5963
-1.3499
-3.9583
-12.0657
-3.3841
-0.9734
-2.8029
-16.8383
-1.3431
-2.4529
-4.1746
-3.211
27.7336
3.5008
-4.3095
-7.3225
-9.1783
2.8421
-5.5896
2.985
-4.505
1.5232
-6.2297
2.7423
1.5774
-15.4443
-0.5577
-4.378
-9.7787
5.4106
-0.8485
-0.703
-8.4895
-7.122
-9.5975
-2.939
-5.7987
4.9026
-7.5892
-9.434
1.3271
-2.7083
-2.8607
-9.0775
-9.0394
-8.0374
-3.6923
-1.4205
-1.5703
-3.7302
1.7059
-0.6194
-9.3268
-8.5209
-14.6706
-1.9362
5.2698
-9.4053
3.9231
-12.3657
-16.1957
-8.5591
0.4594
0.2545
-2.9172
-21.3129
-1.8986
-5.2894
-6.8372
2.2403
3.585
-4.5685
-6.1119
-20.4238
-6.7679
-1.3308
0.8874
-1.3534
-6.4314
-3.028
-4.5517
-1.1372
-6.2098
-4.5197
-3.7165
-3.0757
-3.3286
-13.5895
2.9157
0.0044
-4.4978
-9.0985
0.5382
-3.9253
-7.2077
-9.6003
-1.3702
0.6068
-5.3123
-2.2959
-1.7026
-3.778
-1.7432
-3.139
-5.3856
-6.5478
-6.8732
-1.6951
-8.7061
-11.4286
3.5918
-15.0065
-8.775
-6.2386
-13.0973
-5.2267
-0.1814
-4.9609
-0.3844
6.5454
-1.6346
-5.0861
-1.6534
-6.4008
-0.8445
-2.982
-19.1516
-15.9189
-3.6692
1.4207
-1.4327
1.5414
0.526
-1.0474
-14.8297
-0.4778
-6.7618
-10.7134
2.1905
-5.1697
-6.4254
-3.0879
-2.7126
-3.9265
-4.5272
-0.8531
1.165
-6.9432
-1.2094
-2.0163
-1.608
-0.8734
-9.8398
-5.2338
1.2931
-8.644
1.2742
-14.8388
-1.2775
-7.2961
5.1709
-2.3359
-6.3888
-7.6983
-0.249
-6.2254
-1.8901
-10.1179
-6.5659
-0.0492
-9.5341
-0.8056
-4.1058
-4.7057
-1.4706
0.1738
-4.749
1.2988
-12.7105
-9.2437
-2.6688
-4.8328
-12.2033
-3.6847
1.9714
-13.6578
-3.4621
-1.9249
4.6733
-5.3149
-0.1597
4.3681
-1.1654
-1.8135
0.1884
-2.2666
-8.0267
1.5705
-4.6589
-0.0329
-3.4967
0.4281
3.4645
-9.1367
-4.1607
1.4916
2.88
0.7359
-6.31
-2.8798
-11.414
-7.3613
-7.1814
-8.2728
-2.9079
-4.8253
-12.1423
-7.12
-8.9416
6.3799
-6.3203
-5.385
-4.494
-3.8531
-12.4179
-6.1595
-13.5554
-4.5065
1.2936
-4.6249
4.2745
-9.0401
7.7641
-4.1285
-1.7966
2.0073
-3.3869
1.3657
-6.2198
-7.6927
-5.9206
4.2067
-1.7891
-7.1403
-3.0632
-9.6053
1.7339
-3.6809
-2.6245
3.7177
-12.6362
0.2113
-2.9767
-8.3844
2.2924
-7.5142
-10.732
-5.6899
-6.4555
0.1473
-7.5596
-1.1996
-3.9951
-3.8665
-7.2158
-9.52
-4.022
-15.7589
3.5151
-9.2547
3.7701
-6.1938
-3.195
-0.4627
-4.2822
1.5922
0.3413
-10.1662
-5.327
0.1061
-3.8389
-2.7825
-1.1235
-4.3216
-3.9635
-3.3919
-14.2135
-7.0446
-6.247
-14.968
-5.7681
-8.3685
-13.0463
-5.1467
-3.1607
-15.0736
-4.9153
-7.3079
0.5935
-4.2408
-1.0284
-8.1803
-1.0886
-8.5766
-7.125
0.2072
-1.3809
-4.6979
-5.1245
-6.8733
-7.5064
-6.9458
5.0311
3.2719
2.8288
-12.6417
-12.63
2.101
-2.7665
-0.8731
-1.8322
-5.1575
-12.7032
-5.729
-11.9603
2.688
0.5246
-8.7255
-7.8937
-10.4958
1.758
-3.7561
-18.9376
-4.3609
-2.0346
-14.9104
-4.4256
-2.3235
-0.0527
-0.9931
-17.9798
-8.4623
-0.9455
-1.7829
-6.0288
-6.7129
-5.1488
0.1394
-6.7983
-9.2134
-2.0399
-2.8591
-10.8484
-7.5534
-0.0743
3.7523
-3.0512
-6.0941
0.8198
-7.0234
-1.682
-5.6148
0.0173
-14.6591
-7.1118
-3.5051
-3.3112
-1.5509
-13.1484
-10.9381
-2.9087
-2.4669
-10.4529
-12.4413
-7.5055
-4.8097
-5.8605
-8.9335
-17.0507
-0.539
-4.731
-4.6874
-4.2895
-6.5024
10.4516
-9.1309
1.2106
-14.5546
-0.0221
-4.8281
1.4544
9.7262
-8.7376
1.1894
-4.8666
-1.8315
-4.9138
-8.0141
-8.1399
-3.1977
-4.34
-9.1026
3.7685
-19.4584
-1.6789
-11.2629
-7.5556
-9.7033
-8.7595
-4.7066
0.7741
-3.2544
-2.5127
-0.5339
-3.3668
-3.2083
-9.6006
3.0587
-6.6853
-1.4988
-7.8734
-4.5929
-1.9781
-2.6047
-8.3886
1.8818
0.3605
-4.6318
-5.5106
-2.9074
-9.6346
-10.6966
-6.5947
-3.5907
-1.4126
-3.4037
-0.4124
-6.9656
-7.502
-0.4877
-6.451
-5.7686
-4.9024
-12.819
-4.6867
2.9163
-13.4779
-3.9764
-2.3746
-7.0199
4.6315
-9.466
-9.3074
-3.9456
-9.8299
1.0115
-6.0432
-10.0198
-8.4227
-5.7871
-12.4678
-8.0701
-7.745
-1.5742
1.2616
-6.9781
-13.3367
-1.2036
0.6375
-8.42
1.2369
1.779
-2.4056
-8.6752
-0.9793
-2.3771
-1.0327
-6.8032
-14.2276
1.3043
2.3698
-10.2647
-0.843
-9.0083
-7.5384
2.6128
-10.0056
9.335
-3.8559
-8.4557
-3.6525
-2.8797
-3.7181
-0.3169
-1.9433
9.9913
-6.353
-1.5277
4.1414
-5.4025
-6.9795
-7.4954
-6.2505
6.0597
-2.7073
-11.691
-4.1989
1.1165
-0.3178
-7.9166
-3.0642
0.3101
-9.1194
-12.9095
-8.4907
-21.1252
-1.7612
-6.9861
5.4376
-1.3857
0.1124
-8.338
0.4772
1.8864
-8.4902
-2.5744
1.7469
-9.2012
-17.6061
-1.8599
-1.688
-2.6393
-10.412
-3.4308
-14.0778
-2.6507
-4.567
-4.0013
-8.9967
-7.389
-3.6541
0.3921
-7.0086
-11.4904
-2.5485
-0.7003
-13.0404
1.3398
-1.4921
-0.1914
-13.0259
-15.6909
-6.2546
-9.698
-7.0964
-2.4561
-13.488
-2.6616
-0.754
-4.2566
2.981
2.5361
3.2064
-15.6051
-4.6913
-0.9874
-7.5271
-1.8842
-12.3179
1.597
-13.3315
-3.3025
7.159
-11.3877
-2.7166
-3.1389
-8.1945
0.6852
-4.4475
-5.6788
-6.0627
-7.5207
-2.116
-10.8904
-8.3324
0.8167
-7.5322
-7.9159
-4.3731
2.0709
-4.2996
-5.0302
-11.3367
-2.3013
-7.8864
7.7873
-14.8801
-10.6915
-1.6256
-2.4523
0.0059
-5.7641
3.5821
-1.7461
3.5288
4.2022
-2.2555
-13.4133
-8.6901
-5.3046
-1.7731
-7.894
-10.9006
-22.3989
-19.2964
-8.9208
-5.556
-8.2352
-4.0485
-15.6021
-2.2084
-1.5206
2.7819
-7.564
-3.9018
-5.4094
-2.5081
-1.2542
-3.5581
4.8713
-2.9094
3.4928
-11.3374
0.4374
-4.4877
-1.7972
2.627
3.3639
-3.8458
6.3632
-11.726
-2.7229
-24.3829
-5.1711
-3.4569
-4.9998
8.4973
-7.5711
-5.3999
-13.5894
-2.7692
-2.3375
-0.9835
-0.6647
-8.8611
-4.9681
2.3077
-8.3755
-3.8178
-2.1869
7.9314
-7.888
-8.2575
-17.7073
-9.9677
1.3741
3.5991
0.8689
0.2019
-4.7437
-8.703
-9.4987
-3.2336
-12.8421
1.9119
-11.1938
-2.7604
-0.5869
-2.7147
-7.5175
-1.4697
-8.5108
-4.616
0.958
9.1791
-1.6826
-12.1469
-1.1342
-0.1915
-10.4426
-7.0982
-3.0857
-0.9075
-0.9396
3.2291
-1.9664
-5.8528
3.8221
-4.2293
-3.8943
-5.5785
-11.8188
-2.775
-2.278
-13.1461
-3.6576
3.2484
-7.2442
-1.4588
-10.9763
-11.735
-0.7878
-7.2575
-11.0456
5.2576
-8.9338
-7.2035
-1.5076
-6.1144
-10.7714
-5.9947
-11.5816
-5.1606
-1.6871
-3.5426
-9.8901
0.4023
-6.8387
-0.9705
-5.408
-9.0568
1.8633
-12.6028
-3.7286
-7.7889
-11.4453
-11.7935
-19.187
1.9339
-3.1302
-1.5567
-2.9764
-5.2336
4.1639
-0.918
-15.7796
-10.0644
0.7854
-9.5981
8.0324
-6.3367
2.953
-1.8884
-10.6635
-11.7742
-6.509
-0.763
-1.2291
-7.6209
-7.7441
3.9941
-4.0754
-1.4498
-0.4828
-10.021
-5.7468
-3.4452
-9.2208
0.6665
-7.3266
-14.5605
1.7537
-4.0921
-5.7223
-4.6363
-13.3163
-14.7205
0.6772
-10.8563
2.6517
1.7111
-5.4437
1.8573
-4.6286
-8.9668
4.554
4.9752
-13.8288
-1.3567
-1.0917
-10.848
0.5066
-13.9057
-10.0009
-1.0003
2.1333
-6.8519
-1.2306
-2.3481
-0.6481
-11.0556
1.7518
4.6485
-0.4522
-5.169
-2.3463
-1.2187
-10.3522
1.6211
-4.0444
-3.989
-4.6935
-3.0939
-14.8313
-11.9792
-10.2374
-5.9893
-9.3584
-5.4414
-12.2078
2.5771
-8.0324
-3.7674
-3.7147
-7.9314
-4.7523
-6.4286
-5.6605
-7.0377
-1.8267
-6.5903
-10.0953
3.2697
-1.3497
-0.6584
-10.7238
-4.8029
-2.8513
-2.2219
6.8833
-6.9414
-3.1825
-17.6177
-3.8782
-5.8529
-2.7365
-13.0107
9.4934
-9.7173
-6.5886
-21.3849
-2.5629
6.3521
-13.1323
-0.7445
-3.302
0.1149
-30.215
-4.5985
-0.682
-5.5829
6.3246
1.2627
2.1899
0.6614
-1.5584
-0.4778
-1.102
-7.8871
-2.7539
-13.0663
-6.5424
4.4316
-4.9267
-8.8501
-5.3169
1.0937
2.3561
-0.0992
2.1493
1.3204
-4.2884
-16.0648
-8.216
-2.4921
3.4064
-13.3247
-18.9681
-13.7976
-18.4308
-2.7367
-4.0032
-3.4265
4.8459
-7.7142
-1.4333
-4.7968
-7.3373
1.3375
-1.41
-2.4045
9.8502
-15.0716
-3.3259
-5.3888
-13.5693
5.8829
-1.0837
2.0529
-4.8724
-25.1672
0.9535
-0.4406
3.1304
-6.8811
0.0759
0.5246
-4.4631
-1.6051
-1.2986
-6.6989
-7.2577
-11.6816
1.3656
-0.2522
-10.6165
-4.4341
2.3387
-0.1025
-3.85
-2.6595
-1.4157
-3.3396
-0.3835
-6.212
-6.6972
-7.2194
2.4729
-4.7121
-4.456
-6.116
5.5239
-6.8371
5.2737
1.8458
-11.6172
2.8506
-0.4777
0.6119
1.3924
-1.1913
-0.4466
2.6117
-7.5957
-8.6052
-1.8402
4.28
-4.1229
3.4644
-0.7261
-3.8171
-6.0029
-4.963
-4.2023
-8.7414
3.6259
-5.3249
-1.0414
0.367
-0.8415
-3.3436
-0.2993
-0.0211
-3.7679
-10.8388
0.343
-6.4088
-6.2643
2.5737
-8.1388
1.5364
-6.2512
-0.4942
3.1176
-1.1902
-4.777
-1.3103
-10.3847
-4.9008
-2.0599
-12.0512
-7.9943
3.2075
2.1142
-4.7309
-2.9974
-8.6036
-0.6323
-4.0764
-9.3219
-2.573
-1.8259
0.7086
-14.727
-1.2339
-7.0206
-15.2084
4.2435
-3.0474
-6.9688
-1.6637
-7.7066
-1.0301
-5.9197
-4.4672
-1.2213
-11.9851
0.5958
-11.5402
0.3587
1.1558
-8.2474
-3.495
-12.7488
-7.9212
-5.5946
-7.3176
-8.4772
4.7074
-4.5369
-4.0533
4.5792
1.3746
6.0004
-12.5999
-9.2147
-2.243
-10.3735
1.8546
-10.5763
-4.7807
-1.0723
-0.5702
-3.9655
-14.9409
-1.1632
-22.3858
-4.1669
-4.7958
-8.8266
-9.1436
-9.8393
-5.886
0.6394
2.6181
-5.8748
2.7912
-7.7038
-0.7615
-2.8735
-5.1885
-7.0125
-17.669
-5.2861
-6.2839
-4.2076
1.3502
-0.8035
-10.9722
-0.3557
-3.5929
-6.9415
-5.7971
-7.279
-1.9944
-16.3605
-3.2285
3.8157
-1.7943
-6.7882
-9.8526
-0.9043
0.4643
1.5538
0.3734
-5.4087
-5.2829
3.04
-13.2116
0.5298
-10.9473
1.6408
0.7633
-1.0451
-10.848
-3.7815
-2.0164
-5.741
1.1584
-3.0677
0.3531
0.0287
-3.4589
-6.1906
-2.4493
4.3329
-17.2075
-15.5729
-2.5261
-7.2534
-2.3648
-2.5487
-5.6473
-20.7238
1.9561
-8.7255
-8.0678
-12.3657
-1.7523
-3.7231
-0.7301
-10.2326
-9.1896
-0.8593
-1.4832
5.2976
-5.3877
-14.8588
-3.041
1.6937
-1.7181
4.8222
0.1365
-1.1048
3.4712
-6.074
1.1334
-6.0449
-24.5769
-11.6518
0.0354
-0.6895
0.6015
-4.5471
-11.0692
0.2849
-7.1219
-6.3936
-2.9831
-7.5514
-5.4366
0.9057
-6.356
10.3147
-4.1969
-0.514
-6.5577
-4.2185
-5.4085
-3.741
-16.4902
-1.7787
1.2238
-5.3302
-2.5325
-5.3119
3.3377
-5.3087
-6.2847
-2.7747
-3.5676
-0.9624
-0.9353
-2.0025
-7.7436
0.4853
-7.0297
-4.1918
-14.6883
-4.0688
-2.5232
-11.0867
-5.5844
-2.1599
-2.747
3.6653
-6.0844
10.9443
-3.4014
-5.262
-7.8967
1.1712
-5.6452
2.9432
-6.5166
0.3058
0.8977
-6.9358
0.2125
-5.9755
-8.8995
-5.4623
5.1773
1.0083
-13.4347
-8.6531
-4.1944
-8.6003
-9.67
-15.8419
-4.5538
-6.0725
-2.108
-1.4647
-5.1124
-0.5409
-6.1235
-13.1485
-14.9198
-3.9185
-2.5444
-15.4593
-13.2674
0.0398
1.9612
-1.6556
0.5462
-1.341
6.688
-0.971
-4.4951
-3.4286
-6.266
0.2539
-7.869
-2.9047
-2.139
2.6246
-7.3222
2.6082
-7.747
-3.0107
-4.5994
1.7361
0.0072
-6.3918
-8.5925
0.4773
-2.3577
-10.7838
-17.9915
-4.9745
-4.1732
-5.0209
-1.0421
-2.3572
7.9987
-4.8406
2.3599
-8.7376
-1.1777
0.8972
-1.3144
5.4301
-4.0599
-7.2275
-13.8929
-5.2305
0.2782
-4.4855
2.3019
-1.4713
2.6567
-4.5842
-15.3992
-5.5274
-2.0303
0.989
-6.0836
-4.2935
-8.6886
0.6741
-5.7221
-13.8651
-6.8806
4.2618
-8.3355
-2.1885
-9.3561
1.4192
-1.2282
-5.3406
-20.6364
-1.2429
-11.7894
5.6005
-7.176
-12.5925
-5.5282
-0.6014
-11.339
-1.1161
-0.5455
-9.2238
5.2135
-1.8041
1.004
-12.9865
-4.8712
-5.5844
5.1246
-19.1659
-2.9167
-2.1334
1.5297
-10.0901
-2.5489
3.0766
-6.2441
-6.3459
-16.1234
0.8379
-8.9775
-7.0022
-2.4429
1.1143
-1.6162
-8.9258
0.7771
-3.8617
-9.6305
-5.4426
-7.1746
-2.1689
-5.9103
3.807
-2.9838
-3.8797
-10.0582
-0.7426
-8.9915
-7.6496
-11.9797
-4.8218
0.5213
-14.0085
-9.6963
-0.1145
-4.3288
-1.4374
-0.517
-3.4747
7.1198
-2.7989
-5.4596
-9.4841
-5.5587
-7.0549
-3.3247
0.8979
-1.6883
-7.6705
-1.3539
-0.0829
-2.7072
-7.2586
-7.8188
-1.9914
-2.1659
-0.125
-1.7429
-1.4814
-8.823
-5.0027
1.9304
3.0892
-11.7026
-12.6055
-4.5609
5.5526
4.227
-16.2381
10.3069
-4.5401
2.9894
-8.1155
-13.6925
0.8979
-4.4189
-2.5974
-8.775
-2.355
10.9443
-3.3018
6.2027
-18.4243
-3.8582
6.0752
-0.6489
4.5161
-3.1802
-7.6887
-9.3251
-5.4559
-11.9507
-12.4161
-11.5195
-0.2619
16.9002
-16.8224
3.9859
-3.3919
2.8743
-7.5688
-0.2759
-5.2893
-13.3714
-5.7969
-2.5936
-2.2061
-1.8613
-12.1013
-7.2455
-7.1951
-5.147
-9.3781
-4.2704
-6.6744
-0.9037
-6.2574
2.8791
-0.2009
0.8809
-21.0371
-2.6618
-3.3413
0.5644
-3.3533
-4.7129
2.5597
-5.4847
-1.2521
1.0913
-16.1011
-3.9751
-12.186
-3.5995
-2.6274
1.318
-1.4963
-3.5201
1.2811
-2.2731
-2.0438
-16.7309
-2.456
-9.2924
-1.3845
-6.2655
-8.2198
-3.0992
-13.6845
-4.8849
5.1489
-13.245
-10.224
4.6359
-0.4162
-6.216
-6.3035
-5.5801
-9.9903
-2.5076
-7.0094
-1.6185
-18.4357
-1.6378
-3.7615
-3.6775
-5.6214
-2.6788
-0.0433
-12.6014
-4.0858
1.6011
-5.8006
0.3133
-5.5917
-7.3053
3.4569
-5.211
-5.0131
-4.6055
-1.5948
4.3683
2.7057
-4.6131
-4.6791
10.652
2.6097
-8.8952
-6.8031
-3.1716
-4.8749
-0.5522
-5.4636
-2.2243
3.8216
6.7284
-2.6393
-3.4717
-2.6025
3.0927
3.1032
-6.0373
-0.0128
1.1729
-0.436
-9.6408
1.9902
-0.5708
1.1107
-7.3335
-0.3883
0.0118
4.9688
0.0356
-17.7843
-2.3896
-0.5417
-7.1418
-2.8418
1.9265
-5.6908
-14.9814
-4.3357
-5.9732
-11.059
3.5025
-9.4467
-8.0602
-6.2364
-1.3858
-13.165
-3.5654
-6.4338
2.9709
-2.997
1.13
-1.5312
-7.3527
-8.1219
-5.7963
-8.0591
-1.2104
-3.3932
-3.8216
-6.9021
-3.1154
-6.8302
-10.3498
-2.3447
2.8485
-1.9517
0.8132
-7.5729
1.9846
1.1392
-3.1332
2.6098
-14.4083
-8.3102
-10.7466
-4.4902
-3.0077
-13.4618
-5.2718
-0.5149
-3.5452
-0.9667
4.1022
-30.9579
-2.6983
-4.2913
-6.6025
1.991
-10.778
-3.7345
-10.4799
-1.3907
1.4221
-5.2724
-1.7344
-17.3436
-4.1296
1.4109
-8.9469
2.4254
-3.2128
-12.006
4.9116
-0.8615
-27.091
-8.198
-10.5016
-4.0592
-4.6883
-3.9848
-0.3743
-9.3398
-7.3446
-3.533
-4.9675
4.3234
-5.8317
4.5028
-1.8565
-1.0769
-11.4738
-6.599
-18.1367
0.2225
1.779
-9.9497
-0.7496
-11.4583
0.3977
-9.9489
-11.9303
5.5857
-6.8969
-1.2499
-11.4203
5.7849
-10.4491
-3.0762
-0.6367
0.2956
-3.5992
1.6107
-6.1743
-5.3393
4.2272
10.9463
-2.0698
7.0159
0.1503
13.4752
4.496
2.6856
4.9292
-3.8711
-4.0544
8.8751
3.5008
3.8156
-2.3048
-9.2624
3.9655
7.2966
-8.6886
-1.4074
5.3608
9.1063
-3.5257
7.1618
8.3329
14.0955
5.4766
8.8
3.1255
9.1456
7.6157
-5.2678
7.1884
4.2886
-0.0498
10.1694
8.1382
-3.7621
-8.3919
-1.784
9.94
4.0476
3.8668
10.0449
0.5244
12.9304
-3.4943
10.0791
6.88
7.608
2.6478
-4.98
3.3611
7.3864
4.4962
-7.7982
-0.9034
-5.5957
-1.8268
1.2593
13.2469
17.009
7.2907
3.663
8.2141
2.8837
-1.9419
-2.4824
8.293
4.4924
4.2053
7.9088
2.4776
-0.3544
4.5904
14.0362
1.5795
-0.0235
2.2218
3.4623
-11.1806
3.4329
0.0877
4.2167
5.6605
7.4031
-9.0247
10.6899
1.0973
-4.302
-2.2738
4.652
5.9689
-0.3334
19.5303
6.6103
-1.5778
1.0406
9.5102
9.7322
5.3235
2.8438
-3.356
5.7041
12.2966
0.2079
10.8532
12.3268
4.3672
11.4366
0.9519
8.8766
4.6832
-0.7766
16.1093
1.7744
10.5283
12.7141
9.4383
8.3689
8.9836
5.9629
6.4207
-3.1269
-0.3202
8.4224
10.0817
-0.5371
4.8797
5.5948
1.9085
9.456
-1.1507
0.6876
1.2371
7.0412
1.5348
1.1342
2.6329
-0.8159
13.8448
-0.6799
8.7779
5.0934
-11.9434
-4.3928
8.7244
5.4414
24.5624
-1.4866
-6.9881
4.2559
0.1496
15.8614
4.0389
2.4518
9.4432
1.9375
6.9681
15.5744
7.3682
-7.3273
12.5117
2.3246
19.3214
-1.0657
5.9573
2.6885
0.6568
11.0591
-9.512
5.9916
12.8331
-3.7609
6.9384
10.6912
7.6999
9.3024
0.831
16.2967
-0.2111
13.7719
5.9138
11.3423
2.4759
5.7464
5.9295
-6.4664
1.2618
5.547
3.577
13.3736
11.7255
1.9843
10.3825
-3.0083
5.8726
2.2778
6.6109
4.6923
17.5668
11.0285
0.9202
-7.9649
-6.3722
6.1721
8.8697
-9.8337
5.4428
12.0452
-6.2973
2.9669
-3.1833
-3.78
2.1125
0.6119
-4.2817
1.9393
1.131
1.5579
19.5093
8.5347
7.0283
9.3011
3.6305
2.4652
1.5144
6.7385
-5.7042
4.1476
10.0698
4.8257
16.9582
3.6907
2.0265
-0.7848
2.663
2.6183
5.4022
5.7258
-0.2212
9.6134
1.443
10.4708
7.2441
-0.1959
5.5118
6.7772
-2.6102
4.5374
-0.9564
16.4839
4.6757
8.6032
-5.7281
5.7142
6.6292
5.7099
13.9645
5.1052
3.0391
-3.1803
1.6112
4.1181
7.6955
8.1788
0.3098
-3.2446
-2.6145
5.9506
-1.6987
16.1029
6.7948
14.1089
18.3695
-6.7318
8.4173
27.7336
1.5305
5.9782
-0.3605
8.6234
11.0678
4.3361
2.0202
14.0097
6.7291
7.0537
-2.7816
12.2156
7.2402
5.5072
-0.9047
5.3005
4.277
-6.0495
5.4761
-12.3534
3.2321
-5.4857
-7.2573
2.6449
0.4336
0.1882
2.7221
5.1789
6.9087
5.363
3.0534
-9.5955
-9.3268
-3.0061
7.8117
24.432
-2.496
2.3375
4.7961
1.7878
-8.1123
11.631
4.6473
-2.4205
4.3578
-9.5361
3.5229
13.3608
-2.8575
0.2111
1.1481
1.1619
4.4271
1.2825
6.4987
1.669
12.6774
5.6089
3.6102
2.9516
2.6252
-7.9394
3.9736
3.1794
6.7485
-1.3205
-22.8006
8.0257
3.5165
3.8714
-7.7642
7.5872
-0.7095
4.0996
3.0733
2.4789
11.5659
3.1021
5.1464
13.0405
5.4205
-4.4416
1.4654
18.0879
-5.2267
5.8183
9.4645
3.3155
3.5147
12.6088
2.6952
6.7984
3.2711
-1.9776
10.9443
-7.6695
29.9298
7.1899
9.1455
5.9108
-0.9
5.3339
11.7553
10.5997
6.1215
0.5717
5.0217
9.1546
-1.1831
-2.9569
-0.1178
4.2624
2.1533
4.0143
3.4891
8.77
9.5734
14.3818
13.1094
8.2504
1.0579
5.8672
4.5575
6.0876
-12.3503
4.491
5.185
8.441
1.0439
7.5685
2.0472
11.2356
6.2442
5.1923
1.6747
-1.9517
8.2082
6.3788
2.3808
2.6633
8.1375
14.2455
0.9063
-1.888
7.3706
-0.2935
7.1706
4.2232
0.0901
1.1924
-1.6725
9.9059
-4.5072
12.0024
6.4419
6.3287
-2.2872
14.9651
-3.2744
2.5669
4.829
3.3385
-0.9033
6.1227
14.5889
21.0401
11.4286
-5.6247
5.2996
-3.1604
13.6102
-2.6195
11.8284
2.2333
4.0591
6.4925
5.044
2.8149
5.8295
-4.2584
1.2435
4.8949
5.0128
6.7285
7.7641
4.7175
5.2493
1.2589
6.1988
-0.8972
6.1819
3.2933
16.3661
-0.2903
11.0481
-9.9807
10.8469
6.1603
6.4403
1.6662
-0.4899
2.0638
0.352
6.8276
20.0908
0.7683
-1.5427
23.6115
22.6869
5.1096
5.3138
4.5417
10.6448
9.6637
8.7392
2.3676
-2.0547
6.6636
8.5678
12.1501
7.8341
4.1432
12.953
16.7877
13.4823
12.7547
15.7337
10.7358
2.6602
7.549
3.1062
6.7447
16.9664
5.2577
8.4687
9.813
18.2628
8.4593
4.7893
-3.7934
3.1063
10.1955
2.7889
3.7002
13.1364
9.3068
-2.3756
6.7594
3.5313
-3.2715
4.6676
6.9616
-3.7408
-3.6281
5.2693
10.0733
-14.4776
18.0577
7.1598
0.3388
-1.8781
-1.9057
-3.2618
1.07
9.3714
3.7079
6.3072
-5.3345
11.1275
10.5117
9.9199
5.7192
2.9219
4.3656
4.1172
4.8162
9.9405
1.5414
5.7813
1.7663
13.0524
-0.7283
3.8473
13.8802
6.667
10.7426
1.208
16.4856
6.373
14.2302
10.7081
0.7422
0.2716
12.0102
6.292
-2.4226
-2.0116
-10.8511
-16.3002
2.3791
-2.5738
9.5505
-2.985
3.5357
3.8977
-0.8103
9.7157
-4.034
1.9049
10.5474
-7.583
14.6682
2.0126
10.8494
3.2568
11.8793
10.3174
9.4374
-1.3187
5.4964
0.0149
-12.3744
1.7676
6.251
9.7034
4.3026
16.3637
11.2061
10.0426
1.1892
10.4516
8.6698
21.4225
-7.4305
-8.7995
2.2602
11.0591
8.4166
1.3728
0.2597
8.3241
2.3906
7.6015
22.936
4.9211
-0.3103
8.4266
3.5221
7.4828
10.4522
4.6986
14.4439
4.2047
11.7286
-10.3333
-3.1361
-5.2853
5.9855
3.0914
9.3304
0.5804
2.1736
4.4577
9.1675
9.4919
8.4038
-3.6646
10.2767
8.6078
16.4953
-4.7977
6.7513
5.6497
2.2679
-2.9372
11.9139
4.4363
10.7648
18.4828
9.7983
3.7392
5.6246
-4.7392
-1.0408
-4.4272
-1.935
-0.071
-7.374
4.9075
8.365
14.6612
6.0726
-2.9014
6.0319
8.2259
6.106
12.5863
10.2237
11.6211
-4.5318
-0.1671
2.7444
11.7569
2.2391
10.8472
5.773
5.8129
4.884
6.7037
4.3643
2.6118
7.273
-3.0716
-1.0787
2.1321
5.2264
3.6839
1.6402
1.9989
-2.6036
-2.2358
8.0744
6.1655
2.1049
7.0924
14.681
13.1131
4.3436
6.6155
6.7557
3.2977
10.8698
11.3995
7.4168
17.3477
-1.416
-3.2981
-0.9767
3.9389
-2.4051
-6.4534
8.8514
15.3343
8.304
4.6824
8.9504
14.8071
1.4216
-12.8611
-0.8435
12.8172
4.5373
-9.3205
8.0324
11.9891
5.8943
8.7238
12.4712
8.9996
-0.6355
5.6802
-2.9328
1.7474
-19.0332
1.7869
-2.2868
8.967
3.2877
-5.0032
-1.815
-2.9156
7.2345
-4.0694
6.8436
2.5455
-8.1797
-0.5405
12.4763
6.2965
6.9085
25.0156
12.1078
-3.241
-0.8836
2.3129
11.9794
16.2168
-3.815
2.1995
0.5716
-12.3179
-5.6882
11.022
9.9283
13.4137
3.5136
7.6089
7.1274
13.3246
16.0541
5.813
-1.1747
-0.5473
-4.6893
5.937
-1.4993
6.8549
5.6046
-4.1874
4.9998
4.2255
8.6743
12.8644
4.3151
5.9948
18.871
4.9889
-8.48
15.3269
-1.0519
0.8598
4.4399
2.0356
-4.3585
5.7233
8.7967
8.1261
10.1508
1.5786
3.9177
2.9525
-10.9905
10.0251
-2.6194
7.7258
11.0732
13.0938
-8.5573
-6.9162
3.6875
0.8023
-1.6561
7.9527
2.7819
14.2822
11.6882
12.1418
6.1283
3.942
5.5318
5.7188
3.628
7.2329
0.8063
3.6602
11.7672
1.4402
3.7488
-6.2666
8.7823
1.4669
12.1705
1.735
6.2148
-0.09
14.4955
3.3851
-11.4145
4.1694
-1.8903
11.4823
5.355
0.9514
-2.919
1.9289
7.364
8.6247
-5.4312
-2.0207
5.0413
-3.9731
10.5338
-1.3709
-0.6391
10.8684
-7.2595
8.7786
4.7307
7.682
25.2135
-2.3205
-7.9404
8.1251
8.3689
-2.1332
8.9958
2.8242
1.6342
3.1977
6.3969
-0.4839
9.1791
2.5547
-3.5171
0.9667
4.9058
-14.88
-7.0982
10.6649
13.1769
1.3058
-8.516
2.0161
7.3264
-1.1736
2.72
10.7643
12.6618
0.1843
8.473
-1.1818
8.6735
4.0501
9.5302
10.7719
14.4824
14.5943
0.559
-2.8242
22.4923
-5.3439
0.6442
5.199
18.1851
6.1731
5.482
-10.4581
11.7044
14.766
2.3413
40.0528
13.5598
1.9722
14.5551
3.2257
1.0126
6.2848
-3.6426
-3.6709
33.9393
0.2725
5.8632
-1.9198
26.732
-3.2206
-3.6556
14.8635
-4.0831
6.0051
-6.2113
5.5548
12.6499
-2.527
10.4387
-2.8868
3.1039
-0.6905
4.7037
-3.6732
1.3227
-0.0096
9.3329
11.6132
2.9305
22.5819
10.7661
21.5245
0.774
-4.1155
1.9992
2.6348
2.9484
-38.8074
-2.4579
3.4196
0.3396
8.1405
-8.2444
3.7296
-4.6244
1.3077
9.7182
-15.0489
2.7433
-8.9668
4.652
9.8573
28.3799
11.406
-2.8833
5.3551
4.0602
9.6073
7.9288
3.8651
-0.5026
-0.611
14.3357
5.878
8.3829
2.4595
-4.7005
-0.4711
2.1333
-2.0523
2.6251
10.6752
-0.6025
-7.2708
-2.6087
2.4804
-4.7164
-3.5254
3.0367
11.5777
1.6785
11.7895
-0.5631
2.9491
11.0077
-3.5584
2.0725
5.9467
0.8485
15.1278
7.4566
-1.206
-2.553
-3.4717
11.05
6.9156
7.1234
-6.2554
5.1702
10.3831
-3.5582
2.6111
1.8032
8.3923
-2.1076
-13.2152
1.7835
0.0765
10.9154
5.4834
2.5195
8.8594
0.3975
4.8385
3.7315
9.505
9.0387
7.0365
12.2256
0.9155
-4.0574
0.929
-4.7995
12.5912
6.4113
3.5025
-1.0047
10.5696
-0.4285
-0.1006
7.191
2.2069
-0.3019
6.0154
1.776
-12.8178
5.386
9.4356
8.6946
-9.1005
-1.0343
8.5172
-1.532
8.8891
6.5248
4.1296
15.4352
11.1364
-1.6687
-7.1929
11.2166
2.5711
6.6035
2.8502
1.8378
2.6544
-2.5539
8.7925
20.5908
8.8806
5.7523
9.2197
-2.9189
-0.7064
-7.7164
5.1713
5.6752
2.1493
-15.0763
13.5466
9.859
11.4032
3.3232
12.8575
18.655
13.6176
-3.4375
24.2008
-0.1887
1.142
3.5108
7.3999
-5.5928
8.1382
4.1967
4.7935
3.2026
25.2603
-1.7891
16.3158
5.7492
15.3171
5.591
6.0224
2.0529
18.9575
2.232
7.7075
8.572
8.2624
-1.8795
5.6493
7.5806
3.2498
-0.7572
12.6744
-3.9583
-1.5619
1.38
12.1878
-2.5388
4.0012
3.7375
2.438
-4.9958
4.6312
2.9865
-4.7625
0.9049
6.1726
3.8549
5.9995
2.1483
0.3543
-16.5643
-7.513
-0.5471
20.1098
4.4552
0.689
14.0174
-6.8758
7.6133
-1.8945
-0.9068
14.7841
3.8116
2.1782
3.8564
11.2166
15.14
9.6135
1.3455
6.8048
5.772
-7.3622
4.9601
3.4755
-3.7828
0.3919
0.9885
4.0437
13.6706
-8.0369
-2.5789
17.4119
1.8991
5.6448
-13.9132
-3.0388
1.4247
-5.6546
3.0523
10.4684
9.1904
0.7097
5.8682
1.5561
11.8026
15.1945
-4.8517
8.1132
13.8848
-3.7445
-6.5771
8.744
5.6206
4.834
5.9597
4.9266
10.1889
3.0045
0.5106
16.9726
6.3181
4.8671
-4.1627
35.5206
4.0967
-10.6385
10.5593
-31.6714
-4.9924
-1.6637
-10.081
2.7799
2.5569
-2.1115
-2.6025
-1.0035
-1.7535
3.3565
9.239
18.747
-11.4477
16.9295
7.5292
4.7074
-0.2403
1.5293
-2.8174
6.6145
5.4862
1.725
-5.6612
3.0323
1.5567
-8.2495
-5.2408
5.055
-4.6062
0.772
9.4701
0.7438
12.0961
2.5776
-3.7156
16.0993
6.0927
4.342
4.61
-10.4761
3.3113
6.629
1.8368
5.6199
3.1319
-5.2432
8.4686
0.3921
0.0232
-4.6544
-0.2936
6.8251
2.5018
3.5412
3.3059
8.1856
2.3156
6.2471
4.7892
-0.3301
-1.2811
-4.8475
11.1269
0.26
-4.3381
1.8726
4.8014
8.2621
2.1004
-7.4949
14.9463
5.3333
4.5439
-18.6818
7.0784
-2.0854
7.13
17.2313
6.2185
2.7677
19.626
0.0342
13.6156
12.7705
9.4586
12.6887
6.2359
-18.2033
-0.4117
-2.1255
-1.7523
-1.0204
6.4941
0.0794
3.397
-5.4315
-7.8627
-1.7309
0.0855
2.8077
2.434
2.9625
6.5968
-6.7379
24.9259
2.4117
-4.4525
10.818
-2.2911
-1.7292
-8.0712
22.8965
3.6463
-4.4726
13.1313
6.2304
-0.7314
6.4838
-0.0012
-3.4308
-1.0407
8.8594
4.103
7.3979
6.4277
4.13
0.1057
1.0957
4.2778
3.6809
-11.6518
6.6086
8.7438
9.3116
2.2668
5.5493
0.1736
4.0618
9.6533
4.4532
3.7597
1.3411
6.6202
6.1671
18.4054
-1.4683
-8.5814
0.7687
2.2118
-7.3017
11.0629
-2.8983
1.0374
-2.54
7.0044
7.1288
4.8089
7.9064
-5.2861
6.5013
4.6059
-5.0126
5.9184
8.5273
-0.4317
9.4006
1.4159
1.7074
-3.7735
9.982
-5.8346
1.333
-23.4429
10.3531
-10.6558
-15.1347
4.0354
2.8377
11.9007
0.4514
13.2085
11.3118
13.3546
-0.8507
10.9443
11.9159
-5.375
0.0077
-4.2465
-2.8827
-0.6902
-2.1435
9.2829
-0.6258
1.2443
13.264
5.7312
14.8177
7.4945
9.0173
-10.7838
5.4799
11.3666
-1.3703
-2.6829
8.9701
8.1615
7.1716
8.3134
6.4487
1.7437
18.6288
5.0036
-11.1429
-1.6542
3.9496
11.2607
7.878
14.2133
1.1706
8.6296
2.7611
7.0891
-4.9414
-1.8749
2.1727
1.4468
6.6548
2.7562
26.5703
7.6884
1.2738
4.2484
7.4554
-1.9923
-7.3844
5.091
-6.2927
6.1532
-6.5444
-8.4379
21.2631
19.8674
15.1447
2.0399
8.505
3.2124
11.6205
8.6486
7.9288
6.0356
16.2716
11.2176
8.4354
5.25
0.6913
6.0541
9.4647
8.152
-0.7091
0.5508
1.5132
-13.2709
0.0
15.807
11.4183
20.8472
3.1077
5.2878
4.3448
-10.2154
6.3754
2.6567
-2.1623
-0.5655
1.5454
-3.2635
6.4476
13.5139
-5.6906
20.6662
12.8021
7.8846
9.7262
23.2188
7.6485
-6.8212
2.0556
-3.6172
-7.2053
17.2488
23.2648
4.6783
2.342
0.4003
10.263
-0.3936
6.3426
22.204
11.051
0.9489
-2.8979
7.6631
9.5591
-0.0506
14.4838
9.0609
9.6992
-14.9555
11.6303
8.9166
4.7567
3.8654
11.4335
23.6457
48.4394
10.6293
2.8198
-6.3312
-10.302
13.1521
2.009
-4.3367
9.0701
16.2095
19.9007
6.8449
-11.5895
7.7019
3.9925
7.0939
7.5662
1.3918
6.1141
4.3942
9.9097
2.0703
1.0694
-4.1643
4.3896
5.8294
8.8864
11.4799
5.4669
-5.9103
8.5967
8.033
-6.2004
1.0869
-2.4134
2.1193
3.8057
3.3639
6.1911
10.1699
-5.4264
-3.8944
7.219
0.5659
1.9254
-0.0775
-8.6128
-0.9337
24.0371
0.8043
3.4175
10.8996
6.548
9.2245
12.0115
9.9034
8.7388
4.9221
1.9455
0.8036
5.1483
10.9419
-1.8927
7.7777
2.4635
7.9612
4.3419
12.9983
-4.415
0.2601
1.1501
9.2889
3.0713
-6.2521
-0.494
3.6117
-6.2675
-0.258
-0.756
-0.6489
5.0358
4.637
4.4596
4.304
-2.2696
8.5952
0.4437
-6.7032
9.7415
-6.1883
3.5421
14.812
15.2422
-4.3427
3.5156
0.6599
1.7223
3.8815
12.4645
2.7815
11.3442
12.5531
10.4731
-0.7128
-4.7398
-3.2853
11.5775
-10.0117
8.8452
3.6553
3.7374
1.5204
2.2668
6.2659
-2.1594
8.2237
6.0562
5.5663
-0.6695
13.0254
6.3551
-4.9206
10.556
4.8504
-1.4698
3.2728
12.7856
-6.9341
5.0037
13.3258
5.3204
2.2023
-2.7708
2.51
-3.516
-23.223
5.3565
-5.6948
-2.66
6.5822
13.8262
4.1751
5.0437
-2.5001
7.4593
4.5028
-4.3058
4.9601
5.5619
0.6014
17.4059
-4.9156
4.7964
14.4553
-1.1428
-2.1683
14.5327
-1.5254
-3.0982
5.2137
3.4468
7.7406
7.1503
9.3376
2.0742
7.6079
4.605
2.134
0.9336
6.5219
0.0183
9.0858
5.1153
1.8835
1.5107
5.5908
6.4007
11.688
4.1833
2.372
9.9608
8.0941
6.5224
7.0164
2.1229
1.5685
12.1484
4.3226
-2.1281
11.804
1.4991
7.2685
-3.3646
8.279
-7.684
-4.0278
6.1888
-1.3114
-1.6032
-3.9962
-2.1187
1.7495
0.1067
4.0618
4.0091
7.1647
1.0763
4.0069
11.4944
-1.3378
5.4066
-1.4512
1.204
3.0862
10.7238
8.5633
14.0345
11.3606
10.5593
11.9876
4.4641
7.0452
-4.9045
-2.1893
7.7452
-30.2372
4.0819
10.8689
8.5528
-7.31
-1.7114
8.0702
5.9677
0.9542
3.0688
7.5992
1.5417
-14.3727
2.1228
4.4597
19.0368
-0.8432
12.3596
4.5524
-6.3212
-0.9022
0.7401
1.4311
25.0049
5.0225
0.5539
7.3231
2.5609
6.557
19.0365
-1.2638
5.9024
11.855
-6.3303
-1.1933
-0.4899
-12.3118
14.7375
-3.7345
8.0856
3.8915
7.6649
8.2567
-2.407
3.7895
0.962
8.0796
11.7473
9.9675
14.0647
8.8088
12.161
-4.4349
5.4857
2.2715
9.9811
-0.3743
5.8198
19.2362
5.8851
3.2681
14.784
2.9612
2.4734
-0.2787
2.8802
7.5622
13.0055
10.682
-6.6377
-0.2658
4.3931
4.3826
-1.7429
1.6551
10.8341
-7.1508
7.4886
20.0918
-8.9533
3.6512
7.2763
-2.663
2.2465
8.3564
2.2832
3.8173
2.2334
2.3061
11.7059
-2.0786
6.6516
6.7636
3.4849
-4.3219
7.232
10.1602
3.6671
24.6836
